# oST version 5.0 parameters


[image]

width
640

height
480

[narrow_stereo]

camera matrix
552.772786 0.000000 307.495774
0.000000 549.833975 239.258014
0.000000 0.000000 1.000000

distortion
-0.118828 0.155573 0.002046 0.001694 0.000000

rectification
1.000000 0.000000 0.000000
0.000000 1.000000 0.000000
0.000000 0.000000 1.000000

projection
542.823425 0.000000 308.536190 0.000000
0.000000 540.333008 239.812431 0.000000
0.000000 0.000000 1.000000 0.000000

