image_width: 640
image_height: 480
camera_name: narrow_stereo
camera_matrix:
  rows: 3
  cols: 3
  data: [552.772786, 0, 307.495774, 0, 549.833975, 239.258014, 0, 0, 1]
distortion_model: plumb_bob
distortion_coefficients:
  rows: 1
  cols: 5
  data: [-0.118828, 0.155573, 0.002046, 0.001694, 0]
rectification_matrix:
  rows: 3
  cols: 3
  data: [1, 0, 0, 0, 1, 0, 0, 0, 1]
projection_matrix:
  rows: 3
  cols: 4
  data: [542.823425, 0, 308.53619, 0, 0, 540.3330079999999, 239.812431, 0, 0, 0, 1, 0]